1763973546878 -3.088617408861864 0
1763974011299 -2.425098267450171 1
1763974475832 -1.4799621132163847 2
1763974939968 0.15301563068805804 3
1763975404476 -3.532341299574621 4
1763975867558 -13.782138903483244 5
1763976331499 -18.661353096285108 6
1763976794541 -16.483182922460266 7
1763977258917 -16.088146657458807 8
1763977722005 -15.784103440915123 9
1763978186450 -16.363057670621398 10
1763978650269 -17.0029102929972 11
1763979114933 -15.887559984336464 12
1763979579086 -15.056210590782811 13
1763980043436 -14.694866428617704 14
1763980507075 -14.650013676336256 15
1763980971495 -14.687815295073946 16
1763981435435 -13.83222451226186 17
1763981900738 -14.453697534819781 18
1763982364699 -14.909738402932378 19
1763982828441 -15.759472065780123 20
1763983292720 -14.92717681141223 21
1763983757745 -14.1869532837302 22
1763984221698 -14.158429556701144 23
1763984685637 -17.439862070568537 24
1763985149498 103631.12688665345 25
1763985613075 3017218.912002119 26
1763986076882 19229689.441271186 27
1763986539913 45718347.21423729 28
1763987004035 131135427.01694915 29
1763987467371 278355208.70508474 30
1763987931388 429472078.47050846 31
1763988395020 714477354.3538983 32
1763988858823 1035111882.2291526 33
1763989323080 1452283394.299661 34
1763989787751 2016327186.6359322 35
1763990252029 2088686507.6718645 36
1763990716849 1517552223.1755931 37
1763991180568 575832620.9681356 38
1763991644979 262473650.01491526 39
1763992108317 145265272.27525425 40
1763992571958 9578641.682958156 41
1763993035547 100212.90271941622 42
1763993499550 4321.876778233485 43
1763993963288 41.65267356552525 44
1763994427013 -198.44241486242262 45
1763994890842 -221.13371644488836 46
1763995355633 -212.5297744224031 47
1763995818990 -139.1298370080479 48
1763996284431 -77.65698305014647 49
1763996748782 -88.5746721219385 50
1763997212371 -73.40513888356544 51
1763997676454 -87.41831042701915 52
1763998139412 -74.27567283405085 53
1763998603524 -75.97493613391104 54
1763999067727 191.4877417928435 55
1763999532115 -94.9052325130999 56
1763999996272 -82.03497913617198 57
1764000460519 -62.85153100162997 58
1764000924415 -34.54941280374351 59
1764001389629 -29.84527880182458 60
1764001852900 -29.527100851207624 61
1764002317400 -16.93183297369787 62
1764002781329 -13.106093750064087 63
1764003245136 -14.251294559867958 64
1764003708736 -13.628546091168646 65
1764004171894 -13.8128853626625 66
1764004635618 -13.569951989640623 67
1764005099137 -11.964125449904952 68
1764005562924 -8.566533268750725 69
1764006027395 -8.539235011601852 70
1764006491783 -8.495671451051356 71
1764006955996 -8.443326863353535 72
1764007419988 -8.429528828152156 73
1764007884357 -8.307413561829065 74
1764008348342 -8.379371226197582 75
1764008812321 -8.32842607966924 76
1764009275415 -8.306924227375095 77
1764009739705 -8.274449899721954 78
1764010204179 -8.25516125202179 79
1764010667297 -8.145364474118766 80
1764011131071 -8.124314943168123 81
1764011594767 -8.102066089096716 82
1764012059297 -8.050709727578244 83
1764012522787 -7.371022096892535 84
1764012986934 -7.9594165166757875 85
1764013451294 -7.8812711698726075 86
1764013916019 -7.86698004884235 87
1764014379886 -7.816046779438601 88
1764014843824 -7.7442780674110026 89
1764015307729 -7.7078443018056575 90
1764015771805 -7.6698784896882914 91
1764016235243 -7.630381290710578 92
1764016700161 -7.587649892144284 93
1764017163782 -7.5403456053491364 94
1764017628725 -7.505035979060803 95
1764018092465 -7.451718093419479 96
1764018557367 -7.383140249252319 97
1764019021315 -7.342547150385582 98
1764019485308 -7.319156145402941 99
1763973546878 -3.088617408861864 0
