1763973546878 0.0 0
1763974011299 0.0 1
1763974475832 0.0 2
1763974939968 0.0 3
1763975404476 0.0 4
1763975867558 0.0 5
1763976331499 0.0 6
1763976794541 0.0 7
1763977258917 0.0 8
1763977722005 0.0 9
1763978186450 0.0 10
1763978650269 0.0 11
1763979114933 0.0 12
1763979579086 0.0 13
1763980043436 0.0 14
1763980507075 0.0 15
1763980971495 0.0 16
1763981435435 0.0 17
1763981900738 0.0 18
1763982364699 0.0 19
1763982828441 0.0 20
1763983292720 0.0 21
1763983757745 0.0 22
1763984221698 0.0 23
1763984685637 0.0 24
1763985149498 0.0 25
1763985613075 0.0 26
1763986076882 0.0 27
1763986539913 0.0 28
1763987004035 0.0 29
1763987467371 0.0 30
1763987931388 0.0 31
1763988395020 0.0 32
1763988858823 0.0 33
1763989323080 0.0 34
1763989787751 0.0 35
1763990252029 0.0 36
1763990716849 0.0 37
1763991180568 0.0 38
1763991644979 0.0 39
1763992108317 0.0 40
1763992571958 0.0 41
1763993035547 0.0 42
1763993499550 0.0 43
1763993963288 0.0 44
1763994427013 0.0 45
1763994890842 0.0 46
1763995355633 0.0 47
1763995818990 0.0 48
1763996284431 0.0 49
1763996748782 0.0 50
1763997212371 0.0 51
1763997676454 0.0 52
1763998139412 0.0 53
1763998603524 0.0 54
1763999067727 0.0 55
1763999532115 0.0 56
1763999996272 0.0 57
1764000460519 0.0 58
1764000924415 0.0 59
1764001389629 0.0 60
1764001852900 0.0 61
1764002317400 0.0 62
1764002781329 0.0 63
1764003245136 0.0 64
1764003708736 0.0 65
1764004171894 0.0 66
1764004635618 0.0 67
1764005099137 0.0 68
1764005562924 0.0 69
1764006027395 0.0 70
1764006491783 0.0 71
1764006955996 0.0 72
1764007419988 0.0 73
1764007884357 0.0 74
1764008348342 0.0 75
1764008812321 0.0 76
1764009275415 0.0 77
1764009739705 0.0 78
1764010204179 0.0 79
1764010667297 0.0 80
1764011131071 0.0 81
1764011594767 0.0 82
1764012059297 0.0 83
1764012522787 0.0 84
1764012986934 0.0 85
1764013451294 0.0 86
1764013916019 0.0 87
1764014379886 0.0 88
1764014843824 0.0 89
1764015307729 0.0 90
1764015771805 0.0 91
1764016235243 0.0 92
1764016700161 0.0 93
1764017163782 0.0 94
1764017628725 0.0 95
1764018092465 0.0 96
1764018557367 0.0 97
1764019021315 0.0 98
1764019485308 0.0 99
1763973546878 0.0 0
