1763973546878 0.09560667140504062 0
1763974011299 0.21047947410052106 1
1763974475832 0.36347648696374085 2
1763974939968 0.54080280348406 3
1763975404476 1.3581136697884333 4
1763975867558 1.4717362243341188 5
1763976331499 1.1676676161814543 6
1763976794541 0.46243472444556527 7
1763977258917 0.32894047580027985 8
1763977722005 0.2791697988255044 9
1763978186450 0.326971952220646 10
1763978650269 0.287644590379323 11
1763979114933 0.24803719649501776 12
1763979579086 0.23911035046865375 13
1763980043436 0.3914771627255921 14
1763980507075 0.24053732040953837 15
1763980971495 0.2660227090663324 16
1763981435435 0.42780040055765944 17
1763981900738 0.25790244123188116 18
1763982364699 0.3086698192825257 19
1763982828441 0.752326874874406 20
1763983292720 0.3302343112457607 21
1763983757745 0.2741087080664554 22
1763984221698 0.2675017404038522 23
1763984685637 37.651990803087415 24
1763985149498 2294140653.508064 25
1763985613075 726031730532.4908 26
1763986076882 26696894302948.06 27
1763986539913 168136598469356.38 28
1763987004035 1335459559267413.5 29
1763987467371 5775567775642930.0 30
1763987931388 1.4588457784076768e+16 31
1763988395020 4.273350278722444e+16 32
1763988858823 8.881047862233917e+16 33
1763989323080 1.7942228107181677e+17 34
1763989787751 3.495909960580647e+17 35
1763990252029 3.862766675649843e+17 36
1763990716849 2.081907495376264e+17 37
1763991180568 2.809628551009134e+16 38
1763991644979 4176262084153724.5 39
1763992108317 1344323413582585.0 40
1763992571958 33827512026409.83 41
1763993035547 3462829940.6430507 42
1763993499550 77024721.45886123 43
1763993963288 157247060.70843557 44
1763994427013 12183186.717803283 45
1763994890842 201197.91289024224 46
1763995355633 627292.6233659518 47
1763995818990 119575.49647646112 48
1763996284431 6899.966723656089 49
1763996748782 56292.25979597965 50
1763997212371 296258.53334484814 51
1763997676454 652.9752837164928 52
1763998139412 2811634.3341831574 53
1763998603524 425522.97261435754 54
1763999067727 3817051.3480799706 55
1763999532115 7360.596788492365 56
1763999996272 625.9464674720117 57
1764000460519 3846136.157476618 58
1764000924415 8487953.068920586 59
1764001389629 165.71788815563008 60
1764001852900 189.11281228897934 61
1764002317400 340.10758350453136 62
1764002781329 889626.8714733993 63
1764003245136 15.470513898760585 64
1764003708736 9.721473615422088 65
1764004171894 6.837627046663882 66
1764004635618 76041.99231787988 67
1764005099137 159.56305996729472 68
1764005562924 71017.7782673521 69
1764006027395 17.21498136312338 70
1764006491783 0.058432728665865075 71
1764006955996 0.12294683383619887 72
1764007419988 1.4648510419943575 73
1764007884357 168617.49564637875 74
1764008348342 526.0904302113421 75
1764008812321 0.059227976760495515 76
1764009275415 0.05941978388671148 77
1764009739705 0.05966616622345933 78
1764010204179 0.06007172719906952 79
1764010667297 0.15873602808784631 80
1764011131071 0.060140392296647624 81
1764011594767 0.06012758121715259 82
1764012059297 0.06015477998718872 83
1764012522787 0.060750063341426644 84
1764012986934 0.06061871737241745 85
1764013451294 3883.187269012231 86
1764013916019 0.06106979594581713 87
1764014379886 547.5624353734624 88
1764014843824 0.061023513333145846 89
1764015307729 0.060997391263559714 90
1764015771805 0.06100959994151431 91
1764016235243 4689270.325232959 92
1764016700161 15.396059411575354 93
1764017163782 0.09449994262497304 94
1764017628725 0.06056364251079701 95
1764018092465 0.0606871166888435 96
1764018557367 0.06068100632941824 97
1764019021315 0.061023274139201236 98
1764019485308 0.060504956688668766 99
1763973546878 0.09560667140504062 0
