1763973546878 0.36301582520227815 0
1763974011299 0.39966438186370723 1
1763974475832 0.42445936439906135 2
1763974939968 0.4265858940451832 3
1763975404476 0.4295934586908858 4
1763975867558 0.43002596220727696 5
1763976331499 0.4290915291945813 6
1763976794541 0.42792731135578477 7
1763977258917 0.42691710293293 8
1763977722005 0.42600652356269 9
1763978186450 0.42503493659072006 10
1763978650269 0.4241846940123429 11
1763979114933 0.42383432082200456 12
1763979579086 0.4236517120771489 13
1763980043436 0.4230353330202022 14
1763980507075 0.42227644694558647 15
1763980971495 0.4215396067096015 16
1763981435435 0.4208009275794029 17
1763981900738 0.4201319957890753 18
1763982364699 0.4195090479668924 19
1763982828441 0.41882817948773754 20
1763983292720 0.41827432901677436 21
1763983757745 0.41772984772415483 22
1763984221698 0.41720710020449203 23
1763984685637 0.416709590357239 24
1763985149498 0.41617461170685494 25
1763985613075 0.415740251086526 26
1763986076882 0.41528788225125457 27
1763986539913 0.4148663309418549 28
1763987004035 0.41445001113212715 29
1763987467371 0.41409446606191536 30
1763987931388 0.413674258620052 31
1763988395020 0.41334428248769145 32
1763988858823 0.4130065673741244 33
1763989323080 0.41269096550800033 34
1763989787751 0.41238931807926144 35
1763990252029 0.4120879104228343 36
1763990716849 0.41183897891287075 37
1763991180568 0.4116394500055556 38
1763991644979 0.41147361142655553 39
1763992108317 0.4112951712184033 40
1763992571958 0.41113490571409966 41
1763993035547 0.41096850150217445 42
1763993499550 0.41079124201152284 43
1763993963288 0.41059608973183875 44
1763994427013 0.41035757582066423 45
1763994890842 0.410177525655698 46
1763995355633 0.41000536873178967 47
1763995818990 0.40977339329355855 48
1763996284431 0.4095891510935153 49
1763996748782 0.40940763912968714 50
1763997212371 0.40923982348482485 51
1763997676454 0.40904760354656283 52
1763998139412 0.40887444893182334 53
1763998603524 0.40869690365205374 54
1763999067727 0.40851095839577206 55
1763999532115 0.40833314615286004 56
1763999996272 0.4081607670703177 57
1764000460519 0.4080067405963348 58
1764000924415 0.4078494171520411 59
1764001389629 0.40770427273491683 60
1764001852900 0.4075249157265081 61
1764002317400 0.4073881840402797 62
1764002781329 0.40727695053411744 63
1764003245136 0.40708829681246966 64
1764003708736 0.4069687962734093 65
1764004171894 0.40684141848552025 66
1764004635618 0.40669493085246977 67
1764005099137 0.4065513588614383 68
1764005562924 0.406412894336854 69
1764006027395 0.4063078699980752 70
1764006491783 0.4061791550153393 71
1764006955996 0.40606237730232336 72
1764007419988 0.405925421553143 73
1764007884357 0.4058007435424853 74
1764008348342 0.4056842842445535 75
1764008812321 0.4055515030683097 76
1764009275415 0.40543378232394234 77
1764009739705 0.405315503033541 78
1764010204179 0.4052106060517036 79
1764010667297 0.4051116479604931 80
1764011131071 0.4049854951844377 81
1764011594767 0.40487667477231915 82
1764012059297 0.40476359346155394 83
1764012522787 0.4046599244768337 84
1764012986934 0.4045500309942132 85
1764013451294 0.4044656180123151 86
1764013916019 0.40435250643451337 87
1764014379886 0.40423076633174543 88
1764014843824 0.40415842522503964 89
1764015307729 0.40407200933512993 90
1764015771805 0.403960143327713 91
1764016235243 0.4038593647540626 92
1764016700161 0.40377575680360955 93
1764017163782 0.4036742149924828 94
1764017628725 0.4035788541729167 95
1764018092465 0.4034892843739461 96
1764018557367 0.4033883137218023 97
1764019021315 0.4033130663734371 98
1764019485308 0.40322919534424606 99
1763973546878 0.36301582520227815 0
