1763973546878 2.1425327014721045 0
1763974011299 1.116879080736031 1
1763974475832 0.9917809425471192 2
1763974939968 0.9494501200065775 3
1763975404476 0.9189411563085298 4
1763975867558 0.9001652674048634 5
1763976331499 0.88783080063634 6
1763976794541 0.8788393249855203 7
1763977258917 0.8714787383503833 8
1763977722005 0.8652411344596895 9
1763978186450 0.8601668514134521 10
1763978650269 0.8556971691018443 11
1763979114933 0.8510705174227893 12
1763979579086 0.8468102213992911 13
1763980043436 0.843500933273364 14
1763980507075 0.8407008934425095 15
1763980971495 0.8382716440346282 16
1763981435435 0.8360682833396782 17
1763981900738 0.834075793472387 18
1763982364699 0.8321817375946853 19
1763982828441 0.8304251908245733 20
1763983292720 0.828817668031838 21
1763983757745 0.8272549451912864 22
1763984221698 0.8258621164196629 23
1763984685637 0.8245146048877199 24
1763985149498 0.8232549962047803 25
1763985613075 0.8221003102549052 26
1763986076882 0.8209924825167252 27
1763986539913 0.8199762307082192 28
1763987004035 0.819008150666447 29
1763987467371 0.8180709333440005 30
1763987931388 0.817204949259758 31
1763988395020 0.8163925621974266 32
1763988858823 0.8156169471498264 33
1763989323080 0.8148158878391072 34
1763989787751 0.8140979670265973 35
1763990252029 0.8133927208993394 36
1763990716849 0.8126569978463448 37
1763991180568 0.8119317829911992 38
1763991644979 0.8112034594305491 39
1763992108317 0.8104880461551375 40
1763992571958 0.8097953416937489 41
1763993035547 0.8091241837052976 42
1763993499550 0.8085506922410707 43
1763993963288 0.8079468504453109 44
1763994427013 0.8074171215901941 45
1763994890842 0.8068981229652793 46
1763995355633 0.8063805258678177 47
1763995818990 0.8059516109854488 48
1763996284431 0.8054506000724889 49
1763996748782 0.8050384037272404 50
1763997212371 0.8046002879486246 51
1763997676454 0.8042091076151799 52
1763998139412 0.8037829573780804 53
1763998603524 0.8033940033488355 54
1763999067727 0.8030376656782829 55
1763999532115 0.8026326096158917 56
1763999996272 0.802306482882823 57
1764000460519 0.8019375555495084 58
1764000924415 0.8016143916016918 59
1764001389629 0.8012961308632867 60
1764001852900 0.8009354819180602 61
1764002317400 0.8006353091183356 62
1764002781329 0.8002979321297953 63
1764003245136 0.8000014079728369 64
1764003708736 0.7997235943907398 65
1764004171894 0.799432819687714 66
1764004635618 0.7991465993351855 67
1764005099137 0.7989094136933149 68
1764005562924 0.7986080234434645 69
1764006027395 0.7983796780998424 70
1764006491783 0.7980963212251663 71
1764006955996 0.797888337616193 72
1764007419988 0.7975846702870676 73
1764007884357 0.7974053910728228 74
1764008348342 0.7971338901277316 75
1764008812321 0.7969282929068905 76
1764009275415 0.7966996171413842 77
1764009739705 0.7964916626275595 78
1764010204179 0.7962769378645945 79
1764010667297 0.7960692232241064 80
1764011131071 0.7958564806893721 81
1764011594767 0.795674011687101 82
1764012059297 0.7954751844426333 83
1764012522787 0.7952842080492084 84
1764012986934 0.7951092998759222 85
1764013451294 0.7949143430742167 86
1764013916019 0.7947334347842103 87
1764014379886 0.7945466545476751 88
1764014843824 0.7943863361568774 89
1764015307729 0.7942129274647115 90
1764015771805 0.7940298995325121 91
1764016235243 0.7938691164982521 92
1764016700161 0.7937176950604229 93
1764017163782 0.7935353534807593 94
1764017628725 0.7933958506685193 95
1764018092465 0.7932378344010499 96
1764018557367 0.7931110399860447 97
1764019021315 0.792941373697782 98
1764019485308 0.7927760815721447 99
1763973546878 2.1425327014721045 0
