1763973546878 2.5055485270993185 0
1763974011299 1.5165434624380985 1
1763974475832 1.416240306910822 2
1763974939968 1.37603601441545 3
1763975404476 1.3485346147771609 4
1763975867558 1.3301912298647023 5
1763976331499 1.3169223297652553 6
1763976794541 1.3067666358462835 7
1763977258917 1.2983958407983942 8
1763977722005 1.2912476581638141 9
1763978186450 1.2852017878879936 10
1763978650269 1.2798818637759 11
1763979114933 1.2749048379922316 12
1763979579086 1.2704619337340533 13
1763980043436 1.2665362662177975 14
1763980507075 1.262977341352883 15
1763980971495 1.259811250375489 16
1763981435435 1.2568692105907504 17
1763981900738 1.2542077890089003 18
1763982364699 1.251690786046497 19
1763982828441 1.249253369771828 20
1763983292720 1.2470919972961232 21
1763983757745 1.2449847933801554 22
1763984221698 1.2430692168211532 23
1763984685637 1.2412241956541095 24
1763985149498 1.2394296078358666 25
1763985613075 1.237840560856512 26
1763986076882 1.2362803645053153 27
1763986539913 1.2348425610994889 28
1763987004035 1.2334581621218537 29
1763987467371 1.2321653990220216 30
1763987931388 1.2308792084354465 31
1763988395020 1.2297368446245032 32
1763988858823 1.2286235140945951 33
1763989323080 1.2275068533016464 34
1763989787751 1.2264872851412174 35
1763990252029 1.2254806317313243 36
1763990716849 1.224495976496551 37
1763991180568 1.223571232900781 38
1763991644979 1.2226770704479542 39
1763992108317 1.2217832181615345 40
1763992571958 1.2209302475694883 41
1763993035547 1.220092685020576 42
1763993499550 1.2193419346162828 43
1763993963288 1.218542939889229 44
1763994427013 1.2177746976028054 45
1763994890842 1.2170756481259557 46
1763995355633 1.2163858944278652 47
1763995818990 1.215725003622346 48
1763996284431 1.2150397516913334 49
1763996748782 1.2144460427963129 50
1763997212371 1.2138401113526296 51
1763997676454 1.2132567119396338 52
1763998139412 1.2126574062290838 53
1763998603524 1.2120909068139933 54
1763999067727 1.2115486234527524 55
1763999532115 1.210965755773803 56
1763999996272 1.210467250023858 57
1764000460519 1.2099442961862532 58
1764000924415 1.2094638090618586 59
1764001389629 1.2090004035982036 60
1764001852900 1.2084603972556227 61
1764002317400 1.208023493027283 62
1764002781329 1.2075748829518334 63
1764003245136 1.20708970500251 64
1764003708736 1.206692391310708 65
1764004171894 1.206274237895416 66
1764004635618 1.205841530076528 67
1764005099137 1.2054607738680758 68
1764005562924 1.2050209183005964 69
1764006027395 1.2046875480676102 70
1764006491783 1.2042754758616625 71
1764006955996 1.2039507149437727 72
1764007419988 1.203510091971543 73
1764007884357 1.203206134610257 74
1764008348342 1.2028181738166486 75
1764008812321 1.2024797959044828 76
1764009275415 1.2021333996724275 77
1764009739705 1.2018071652671038 78
1764010204179 1.201487543623326 79
1764010667297 1.2011808716846726 80
1764011131071 1.2008419767072644 81
1764011594767 1.2005506869089806 82
1764012059297 1.2002387778031625 83
1764012522787 1.199944131414769 84
1764012986934 1.1996593312691834 85
1764013451294 1.1993799607228424 86
1764013916019 1.1990859405064986 87
1764014379886 1.1987774209652917 88
1764014843824 1.1985447611243039 89
1764015307729 1.1982849374464002 90
1764015771805 1.1979900424763308 91
1764016235243 1.1977284818180536 92
1764016700161 1.1974934526419236 93
1764017163782 1.1972095685288058 94
1764017628725 1.1969747061042462 95
1764018092465 1.1967271184517165 96
1764018557367 1.196499353020878 97
1764019021315 1.1962544407076754 98
1764019485308 1.196005276502189 99
1763973546878 2.5055485270993185 0
