1764058588145 4.446223755457139 0
1764059119444 2.908529247005107 1
1764059652334 1.3988524119429668 2
1764060184445 2.236671290983588 3
1764060716881 2.896653639785314 4
1764061247539 3.428160701727463 5
1764061780109 3.61973038596622 6
1764062310723 3.5664768884141567 7
1764062842031 3.1809512424468993 8
1764063372761 2.7970647649845835 9
1764063905212 2.463188524044166 10
1764064437132 2.320828908964739 11
1764064968512 2.1814571612568225 12
1764065499932 2.2011097333390834 13
1764066030969 2.3242377344228453 14
1764066562384 2.544952186366259 15
1764067093477 2.809502562143035 16
1764067625248 3.034450986264116 17
1764068156822 3.402090391546993 18
1764068688089 3.8191015421738057 19
1764069219563 4.119772561243025 20
1764069752436 4.482591593305943 21
1764070284416 4.724853588201232 22
1764070816062 5.0624104600841715 23
1764071346807 5.322999186192528 24
1764071878407 5.596279585159431 25
1764072409580 5.803047272956977 26
1764072940819 6.030698319855383 27
1764073471685 6.364711992700221 28
1764074003006 6.736028066489656 29
1764074534149 7.006487372770148 30
1764075065361 7.285347508575957 31
1764075597026 7.487262051550008 32
1764076128304 7.812975688708031 33
1764076659532 7.9928413210885 34
1764077190516 8.127259211863501 35
1764077721877 8.20843777203964 36
1764078252861 8.257907251665147 37
1764078784333 8.250677467443175 38
1764079315455 8.259792557813354 39
1764079846862 8.210991814338556 40
1764080378055 8.134952029535325 41
1764080909688 8.077101514945596 42
1764081442069 8.018106297800097 43
1764081973832 7.905847151481499 44
1764082504530 7.928511873584682 45
1764083036302 7.802966843136287 46
1764083566867 7.748506383976694 47
1764084098268 7.763352732820026 48
1764084629220 7.703336196592298 49
1764085160959 7.7784805616281805 50
1764085692535 7.800881544695062 51
1764086222908 7.843784036151433 52
1764086754727 7.833239143015975 53
1764087286326 7.858058397244599 54
1764087817642 7.8477207823122965 55
1764088350322 7.792106066396681 56
1764088882492 7.802931923300533 57
1764089413907 7.765393090328928 58
1764089945634 7.717716301659406 59
1764090476633 7.673428543462592 60
1764091008006 7.7465571303286795 61
1764091538959 7.634207984714185 62
1764092070759 7.626459701748217 63
1764092602956 7.657470349942224 64
1764093134021 7.661920529220064 65
1764093664983 7.679162397465463 66
1764094196730 7.608646022990598 67
1764094727767 7.643883595951533 68
1764095259874 7.632970806784549 69
1764095791555 7.619916483830598 70
1764096322877 7.584706568637137 71
1764096854493 7.474359806998302 72
1764097385269 7.432186502359682 73
1764097916988 7.336632524102421 74
1764098448428 7.271656347614224 75
1764098979911 7.190683537903479 76
1764099511085 7.089933083582733 77
1764100043068 7.076044850187786 78
1764100574604 6.920738235974716 79
1764101106490 6.891322478278209 80
1764101637359 6.780443109981085 81
1764102168988 6.635724856166516 82
1764102700968 6.577714324078317 83
1764103247994 6.4116094719353365 84
1764103789371 6.3725695762795915 85
1764104320976 6.296316139253519 86
1764104852519 6.173587721646842 87
1764105385500 6.040029772338221 88
1764105918146 5.956948102369147 89
1764106455876 5.778870804673534 90
1764106989445 5.700722644531121 91
1764107524666 5.572902987609475 92
1764108059174 5.45878552226697 93
1764108590341 5.253907365394851 94
1764109121852 5.241345358864736 95
1764109652671 5.093325099621789 96
1764110184293 4.941253651845253 97
1764110715358 4.949406563306259 98
1764111246285 4.7911860912937225 99
1764058588145 4.446223755457139 0
