1764058588145 0.0 0
1764059119444 0.0 1
1764059652334 0.0 2
1764060184445 0.0 3
1764060716881 0.0 4
1764061247539 0.0 5
1764061780109 0.0 6
1764062310723 0.0 7
1764062842031 0.0 8
1764063372761 0.0 9
1764063905212 0.0 10
1764064437132 0.0 11
1764064968512 0.0 12
1764065499932 0.0 13
1764066030969 0.0 14
1764066562384 0.0 15
1764067093477 0.0 16
1764067625248 0.0 17
1764068156822 0.0 18
1764068688089 0.0 19
1764069219563 0.0 20
1764069752436 0.0 21
1764070284416 0.0 22
1764070816062 0.0 23
1764071346807 0.0 24
1764071878407 0.0 25
1764072409580 0.0 26
1764072940819 0.0 27
1764073471685 0.0 28
1764074003006 0.0 29
1764074534149 0.0 30
1764075065361 0.0 31
1764075597026 0.0 32
1764076128304 0.0 33
1764076659532 0.0 34
1764077190516 0.0 35
1764077721877 0.0 36
1764078252861 0.0 37
1764078784333 0.0 38
1764079315455 0.0 39
1764079846862 0.0 40
1764080378055 0.0 41
1764080909688 0.0 42
1764081442069 0.0 43
1764081973832 0.0 44
1764082504530 0.0 45
1764083036302 0.0 46
1764083566867 0.0 47
1764084098268 0.0 48
1764084629220 0.0 49
1764085160959 0.0 50
1764085692535 0.0 51
1764086222908 0.0 52
1764086754727 0.0 53
1764087286326 0.0 54
1764087817642 0.0 55
1764088350322 0.0 56
1764088882492 0.0 57
1764089413907 0.0 58
1764089945634 0.0 59
1764090476633 0.0 60
1764091008006 0.0 61
1764091538959 0.0 62
1764092070759 0.0 63
1764092602956 0.0 64
1764093134021 0.0 65
1764093664983 0.0 66
1764094196730 0.0 67
1764094727767 0.0 68
1764095259874 0.0 69
1764095791555 0.0 70
1764096322877 0.0 71
1764096854493 0.0 72
1764097385269 0.0 73
1764097916988 0.0 74
1764098448428 0.0 75
1764098979911 0.0 76
1764099511085 0.0 77
1764100043068 0.0 78
1764100574604 0.0 79
1764101106490 0.0 80
1764101637359 0.0 81
1764102168988 0.0 82
1764102700968 0.0 83
1764103247994 0.0 84
1764103789371 0.0 85
1764104320976 0.0 86
1764104852519 0.0 87
1764105385500 0.0 88
1764105918146 0.0 89
1764106455876 0.0 90
1764106989445 0.0 91
1764107524666 0.0 92
1764108059174 0.0 93
1764108590341 0.0 94
1764109121852 0.0 95
1764109652671 0.0 96
1764110184293 0.0 97
1764110715358 0.0 98
1764111246285 0.0 99
1764058588145 0.0 0
