1764058588145 0.0442556032541571 0
1764059119444 0.10606830717964193 1
1764059652334 0.16785882171937974 2
1764060184445 0.18129837765279463 3
1764060716881 0.20860859385233815 4
1764061247539 0.22031522152029862 5
1764061780109 0.21617165697328114 6
1764062310723 0.21018263839816642 7
1764062842031 0.2074621366873636 8
1764063372761 0.20934516718579552 9
1764063905212 0.21120966915609474 10
1764064437132 0.21436992532873558 11
1764064968512 0.21762719133142697 12
1764065499932 0.2186259806863332 13
1764066030969 0.21990945716278026 14
1764066562384 0.22065253302960072 15
1764067093477 0.2201186699079255 16
1764067625248 0.2218651186384387 17
1764068156822 0.22497108349860725 18
1764068688089 0.22464052173545804 19
1764069219563 0.22648586918236846 20
1764069752436 0.2278140223076788 21
1764070284416 0.22816000419653068 22
1764070816062 0.22768106209019484 23
1764071346807 0.23009916766720304 24
1764071878407 0.22888089495947805 25
1764072409580 0.22945400812110658 26
1764072940819 0.23010592885694262 27
1764073471685 0.23042128488926564 28
1764074003006 0.22877177311959912 29
1764074534149 0.22824856190863302 30
1764075065361 0.22650431315019978 31
1764075597026 0.22279639233977108 32
1764076128304 0.22057737246913425 33
1764076659532 0.2178841176957397 34
1764077190516 0.21765155816482284 35
1764077721877 0.21547188043341797 36
1764078252861 0.2146505541745889 37
1764078784333 0.21398528650403023 38
1764079315455 0.2140427885015132 39
1764079846862 0.2147295044488826 40
1764080378055 0.21469035448159202 41
1764080909688 0.21455780647821346 42
1764081442069 0.21623498515809997 43
1764081973832 0.21683288898003303 44
1764082504530 0.21870559832807315 45
1764083036302 0.2196581504178249 46
1764083566867 0.22129981802681745 47
1764084098268 0.22304979765061606 48
1764084629220 0.2253394950825279 49
1764085160959 0.22560634759017978 50
1764085692535 0.22900024201152688 51
1764086222908 0.22991562213432992 52
1764086754727 0.23081340529656005 53
1764087286326 0.23077286463925395 54
1764087817642 0.23197657288888754 55
1764088350322 0.23397397529775812 56
1764088882492 0.2340219045089463 57
1764089413907 0.2347772172042879 58
1764089945634 0.23498836426664207 59
1764090476633 0.23503691555837453 60
1764091008006 0.23414556900070885 61
1764091538959 0.23450863640944836 62
1764092070759 0.23327045307321065 63
1764092602956 0.23436894672907005 64
1764093134021 0.2322774902844833 65
1764093664983 0.23243822809498188 66
1764094196730 0.23124088926335512 67
1764094727767 0.23056340658058555 68
1764095259874 0.23157616157147845 69
1764095791555 0.23073664722301193 70
1764096322877 0.22927819446992065 71
1764096854493 0.229904755917141 72
1764097385269 0.22914071050993468 73
1764097916988 0.23009826228275138 74
1764098448428 0.22934383146591106 75
1764098979911 0.22973827580779285 76
1764099511085 0.22959751355951116 77
1764100043068 0.22938789858656414 78
1764100574604 0.2298769695450694 79
1764101106490 0.2292499841598131 80
1764101637359 0.2296991754563178 81
1764102168988 0.22997548545316115 82
1764102700968 0.22919678895907886 83
1764103247994 0.2293231234989934 84
1764103789371 0.22957269032375288 85
1764104320976 0.22931846644918796 86
1764104852519 0.22859222081253083 87
1764105385500 0.22897168739619903 88
1764105918146 0.22777737421757083 89
1764106455876 0.22708203426357043 90
1764106989445 0.2279653833225622 91
1764107524666 0.22832637607293613 92
1764108059174 0.22768026477957176 93
1764108590341 0.2282531433969231 94
1764109121852 0.22779054751083003 95
1764109652671 0.22819796159863473 96
1764110184293 0.2279537030246298 97
1764110715358 0.22874183455513697 98
1764111246285 0.22776186596033937 99
1764058588145 0.0442556032541571 0
