1764058588145 13.307666068481186 0
1764059119444 7.426113428806855 1
1764059652334 5.841409598184844 2
1764060184445 4.870987286547483 3
1764060716881 4.182914237895254 4
1764061247539 3.6743671888214045 5
1764061780109 3.345760423409737 6
1764062310723 3.078193005889149 7
1764062842031 2.9658178887730937 8
1764063372761 2.784308500451557 9
1764063905212 2.7110641886117093 10
1764064437132 2.609696804951813 11
1764064968512 2.5020602194636554 12
1764065499932 2.432103753160622 13
1764066030969 2.362669719851623 14
1764066562384 2.2850960352259166 15
1764067093477 2.2576062997822035 16
1764067625248 2.1850416923579523 17
1764068156822 2.169820232724739 18
1764068688089 2.123727304238384 19
1764069219563 2.059003543459763 20
1764069752436 2.0514555284431424 21
1764070284416 2.007624225020409 22
1764070816062 1.9878963298514738 23
1764071346807 1.9452156390982158 24
1764071878407 1.925708041625508 25
1764072409580 1.89662025971938 26
1764072940819 1.8722324591066877 27
1764073471685 1.8218324050256762 28
1764074003006 1.8201150546740676 29
1764074534149 1.7992655950582634 30
1764075065361 1.7803227475841166 31
1764075597026 1.7711951869120033 32
1764076128304 1.7442561268099284 33
1764076659532 1.7330283429359985 34
1764077190516 1.720183018142894 35
1764077721877 1.6854117518158283 36
1764078252861 1.6650805936728494 37
1764078784333 1.6595225214857166 38
1764079315455 1.6427780490911612 39
1764079846862 1.6439345487194545 40
1764080378055 1.6266620999574661 41
1764080909688 1.6126471146284524 42
1764081442069 1.6002140604237378 43
1764081973832 1.5886025830143589 44
1764082504530 1.5779505374067921 45
1764083036302 1.5826566523414547 46
1764083566867 1.5656281365580478 47
1764084098268 1.5534681820667395 48
1764084629220 1.5404806173655947 49
1764085160959 1.5154126954179699 50
1764085692535 1.5235375038648056 51
1764086222908 1.5212364974971544 52
1764086754727 1.511349289922391 53
1764087286326 1.5013481979855037 54
1764087817642 1.4985908197649456 55
1764088350322 1.48621074629032 56
1764088882492 1.4881372124663854 57
1764089413907 1.467681683332233 58
1764089945634 1.4690288539862228 59
1764090476633 1.4545464913622808 60
1764091008006 1.4644054019653192 61
1764091538959 1.451894657278465 62
1764092070759 1.4445593425581011 63
1764092602956 1.4344145006446516 64
1764093134021 1.428288045949855 65
1764093664983 1.4297839736736426 66
1764094196730 1.427037325774209 67
1764094727767 1.422340371921911 68
1764095259874 1.4170020952164117 69
1764095791555 1.4055442853297218 70
1764096322877 1.4000734238099244 71
1764096854493 1.4067063390602499 72
1764097385269 1.4133817237817634 73
1764097916988 1.3924337429515385 74
1764098448428 1.3907770699969793 75
1764098979911 1.386404701602661 76
1764099511085 1.391719294695531 77
1764100043068 1.3854404914682195 78
1764100574604 1.383985503679615 79
1764101106490 1.3802228715359155 80
1764101637359 1.384950445314585 81
1764102168988 1.3747333445286347 82
1764102700968 1.3765265546511796 83
1764103247994 1.3751583035517547 84
1764103789371 1.37755052032107 85
1764104320976 1.3729289086289325 86
1764104852519 1.3671382863642805 87
1764105385500 1.3733975484916718 88
1764105918146 1.363766473491313 89
1764106455876 1.364999680205927 90
1764106989445 1.363293713674707 91
1764107524666 1.3613619620517148 92
1764108059174 1.3731696928658728 93
1764108590341 1.3744997198197801 94
1764109121852 1.3655977534742678 95
1764109652671 1.3705104619769726 96
1764110184293 1.3746878593452907 97
1764110715358 1.366890784431312 98
1764111246285 1.3858524427171481 99
1764058588145 13.307666068481186 0
