1764058588145 3.0528011396779853 0
1764059119444 3.00377401186248 1
1764059652334 3.0035221209364424 2
1764060184445 3.0032320416175713 3
1764060716881 3.0029949742656643 4
1764061247539 3.0028687547020994 5
1764061780109 3.0028183598033453 6
1764062310723 3.002799196526156 7
1764062842031 3.0027838695251337 8
1764063372761 3.0027722475892404 9
1764063905212 3.002761544171026 10
1764064437132 3.002751233739368 11
1764064968512 3.0027448563656565 12
1764065499932 3.002736781249612 13
1764066030969 3.0027273732524806 14
1764066562384 3.002716827473398 15
1764067093477 3.002705907983295 16
1764067625248 3.002696065458201 17
1764068156822 3.0026851155798315 18
1764068688089 3.002676019870629 19
1764069219563 3.0026682703373795 20
1764069752436 3.002659853272519 21
1764070284416 3.0026523727885746 22
1764070816062 3.0026455494104805 23
1764071346807 3.0026389922934063 24
1764071878407 3.002631262641842 25
1764072409580 3.0026250857821966 26
1764072940819 3.002618715803502 27
1764073471685 3.0026109829595535 28
1764074003006 3.002604772963766 29
1764074534149 3.002596492242005 30
1764075065361 3.0025899500361946 31
1764075597026 3.0025819373534897 32
1764076128304 3.0025749193207694 33
1764076659532 3.0025680561793053 34
1764077190516 3.002561484837936 35
1764077721877 3.002555032382577 36
1764078252861 3.0025484930458717 37
1764078784333 3.0025429276288564 38
1764079315455 3.0025362888029066 39
1764079846862 3.0025298563908724 40
1764080378055 3.0025240941775047 41
1764080909688 3.002518731456692 42
1764081442069 3.002512344748287 43
1764081973832 3.0025067574695004 44
1764082504530 3.0025008879677726 45
1764083036302 3.0024954110080913 46
1764083566867 3.0024896146079243 47
1764084098268 3.002484851489633 48
1764084629220 3.002478287341231 49
1764085160959 3.0024740849106997 50
1764085692535 3.0024683553081446 51
1764086222908 3.0024630327143913 52
1764086754727 3.002458275697999 53
1764087286326 3.002453916274895 54
1764087817642 3.002448907181368 55
1764088350322 3.0024435432078476 56
1764088882492 3.0024393934314535 57
1764089413907 3.0024343328152674 58
1764089945634 3.0024288342766843 59
1764090476633 3.002424749560275 60
1764091008006 3.002420144363985 61
1764091538959 3.0024146280854436 62
1764092070759 3.0024096025046654 63
1764092602956 3.002404826536017 64
1764093134021 3.002400460808964 65
1764093664983 3.0023957707922335 66
1764094196730 3.0023917559041817 67
1764094727767 3.002387011010768 68
1764095259874 3.002384168212697 69
1764095791555 3.0023800400152045 70
1764096322877 3.002375560897892 71
1764096854493 3.002373260845572 72
1764097385269 3.0023695658829253 73
1764097916988 3.0023674987130247 74
1764098448428 3.002365289865914 75
1764098979911 3.002362303410546 76
1764099511085 3.0023609972000123 77
1764100043068 3.0023585958400014 78
1764100574604 3.0023570023956947 79
1764101106490 3.0023565265687844 80
1764101637359 3.0023555162801583 81
1764102168988 3.0023562632576892 82
1764102700968 3.0023552569696457 83
1764103247994 3.0023550306336353 84
1764103789371 3.002356668003535 85
1764104320976 3.0023565748586494 86
1764104852519 3.0023580536599885 87
1764105385500 3.0023578025931017 88
1764105918146 3.002359138949443 89
1764106455876 3.0023604289960053 90
1764106989445 3.002361427323293 91
1764107524666 3.0023617958214324 92
1764108059174 3.002364795814126 93
1764108590341 3.0023661047725354 94
1764109121852 3.0023668117846474 95
1764109652671 3.0023694298226955 96
1764110184293 3.0023717585660643 97
1764110715358 3.0023748371560695 98
1764111246285 3.0023768650879292 99
1764058588145 3.0528011396779853 0
