1764058588145 4.020510822675996 0
1764059119444 4.020655145766371 1
1764059652334 4.020601217059766 2
1764060184445 4.02063782449496 3
1764060716881 4.0205604200848075 4
1764061247539 4.0205681852567 5
1764061780109 4.020609308865111 6
1764062310723 4.020627620866743 7
1764062842031 4.02059766296613 8
1764063372761 4.020641726922181 9
1764063905212 4.020564122482882 10
1764064437132 4.020610494936927 11
1764064968512 4.02062511351149 12
1764065499932 4.020593823335939 13
1764066030969 4.02055905354225 14
1764066562384 4.020538685200578 15
1764067093477 4.020616018852945 16
1764067625248 4.020617480439655 17
1764068156822 4.020600372411437 18
1764068688089 4.020606595257581 19
1764069219563 4.0206484417592065 20
1764069752436 4.020609557184122 21
1764070284416 4.0205656925702495 22
1764070816062 4.020543082083686 23
1764071346807 4.020634659064018 24
1764071878407 4.020625829656245 25
1764072409580 4.020566458176758 26
1764072940819 4.020607291803522 27
1764073471685 4.020581751879999 28
1764074003006 4.020646781476877 29
1764074534149 4.020542503090228 30
1764075065361 4.020597584570869 31
1764075597026 4.020666104292466 32
1764076128304 4.020608545561968 33
1764076659532 4.020634565595853 34
1764077190516 4.020638230897612 35
1764077721877 4.0205572049092435 36
1764078252861 4.0206357902187415 37
1764078784333 4.020558774875382 38
1764079315455 4.020619249141823 39
1764079846862 4.02058743885008 40
1764080378055 4.020644018084316 41
1764080909688 4.020636087554997 42
1764081442069 4.020552145303306 43
1764081973832 4.020645778300398 44
1764082504530 4.020549756308734 45
1764083036302 4.020582432383198 46
1764083566867 4.020581176846714 47
1764084098268 4.020610762369834 48
1764084629220 4.0206355112690035 49
1764085160959 4.02062702817432 50
1764085692535 4.02055480508481 51
1764086222908 4.020635551800162 52
1764086754727 4.020644952200227 53
1764087286326 4.020620114682084 54
1764087817642 4.020596070127972 55
1764088350322 4.020679405382124 56
1764088882492 4.020628123606666 57
1764089413907 4.020654145943916 58
1764089945634 4.020636787293321 59
1764090476633 4.020661554861877 60
1764091008006 4.020575984413341 61
1764091538959 4.020623498811561 62
1764092070759 4.020660659337448 63
1764092602956 4.020583435721316 64
1764093134021 4.020609192444106 65
1764093664983 4.020560059749474 66
1764094196730 4.02057063207788 67
1764094727767 4.0206148497128895 68
1764095259874 4.020591197983693 69
1764095791555 4.020588766195006 70
1764096322877 4.020554367485693 71
1764096854493 4.020630405716977 72
1764097385269 4.020618352122226 73
1764097916988 4.020631136247667 74
1764098448428 4.020611979557296 75
1764098979911 4.02065244444346 76
1764099511085 4.020577765157667 77
1764100043068 4.02053758512109 78
1764100574604 4.020662152686362 79
1764101106490 4.020559011354285 80
1764101637359 4.0205722834296145 81
1764102168988 4.0205894723180995 82
1764102700968 4.020605786978188 83
1764103247994 4.020670613798044 84
1764103789371 4.020597322714531 85
1764104320976 4.020538368467557 86
1764104852519 4.020581329879114 87
1764105385500 4.0206767791812705 88
1764105918146 4.020581119383796 89
1764106455876 4.0205592098882645 90
1764106989445 4.020598500866001 91
1764107524666 4.020599919012037 92
1764108059174 4.020649393008927 93
1764108590341 4.020614100674451 94
1764109121852 4.020591759762522 95
1764109652671 4.020665717811908 96
1764110184293 4.020620415534004 97
1764110715358 4.020635471505634 98
1764111246285 4.020580888925973 99
1764058588145 4.020510822675996 0
