1764058588145 3.1297024044445005 0
1764059119444 0.7360488381426213 1
1764059652334 0.6716976390753763 2
1764060184445 0.6352746243193998 3
1764060716881 0.6126049138832901 4
1764061247539 0.5988816883604405 5
1764061780109 0.5897892623937736 6
1764062310723 0.5829321285021507 7
1764062842031 0.5775398628287396 8
1764063372761 0.5729558084677842 9
1764063905212 0.5689970271971266 10
1764064437132 0.565465298295021 11
1764064968512 0.5623491303395417 12
1764065499932 0.5595139342849538 13
1764066030969 0.5569316920486547 14
1764066562384 0.5544885074435655 15
1764067093477 0.552302115832345 16
1764067625248 0.5502267707404443 17
1764068156822 0.5482467259289855 18
1764068688089 0.5464299690521369 19
1764069219563 0.5446828940611774 20
1764069752436 0.5430636096253233 21
1764070284416 0.5415361388861123 22
1764070816062 0.5400982934034477 23
1764071346807 0.5387602467506619 24
1764071878407 0.5374710864586345 25
1764072409580 0.5362692219119961 26
1764072940819 0.5351206689719427 27
1764073471685 0.5340421611474733 28
1764074003006 0.5329899435477742 29
1764074534149 0.5320100193306551 30
1764075065361 0.5310479877409289 31
1764075597026 0.5301428206239717 32
1764076128304 0.5292525131217504 33
1764076659532 0.5284182553170091 34
1764077190516 0.5276249553237932 35
1764077721877 0.5268233167316954 36
1764078252861 0.5260706272418216 37
1764078784333 0.5253618412401717 38
1764079315455 0.5246635008514938 39
1764079846862 0.5239790115113986 40
1764080378055 0.5233541375297611 41
1764080909688 0.5227364431700464 42
1764081442069 0.5221316021377758 43
1764081973832 0.5215557720145937 44
1764082504530 0.520992847105204 45
1764083036302 0.5204675429251234 46
1764083566867 0.5199305256140434 47
1764084098268 0.5194083608863718 48
1764084629220 0.5189180964787128 49
1764085160959 0.5184272296903497 50
1764085692535 0.5179654634352457 51
1764086222908 0.5175043809868521 52
1764086754727 0.5170589876983125 53
1764087286326 0.5166234602261398 54
1764087817642 0.516203541750625 55
1764088350322 0.5157751217534987 56
1764088882492 0.515399438804489 57
1764089413907 0.5150032780382593 58
1764089945634 0.5146180167895252 59
1764090476633 0.5142380746441373 60
1764091008006 0.5138899843015913 61
1764091538959 0.5135304599040645 62
1764092070759 0.5131797586002592 63
1764092602956 0.5128365806856398 64
1764093134021 0.5125167416667534 65
1764093664983 0.5121769047541134 66
1764094196730 0.5118579027612331 67
1764094727767 0.5115408267055528 68
1764095259874 0.5112374311129926 69
1764095791555 0.5109257649264093 70
1764096322877 0.510615020662041 71
1764096854493 0.5103202340511952 72
1764097385269 0.5100298577951172 73
1764097916988 0.5097406287112478 74
1764098448428 0.509447714065091 75
1764098979911 0.5091677308739242 76
1764099511085 0.5088822972774506 77
1764100043068 0.5086064997719506 78
1764100574604 0.5083198967070903 79
1764101106490 0.5080448941052971 80
1764101637359 0.5077823609315743 81
1764102168988 0.5074944934198412 82
1764102700968 0.5072189147644124 83
1764103247994 0.506945277937388 84
1764103789371 0.5067002803390309 85
1764104320976 0.5064217504050772 86
1764104852519 0.5061764169446492 87
1764105385500 0.5059252453405978 88
1764105918146 0.5056834089654987 89
1764106455876 0.5054524553327238 90
1764106989445 0.5052190610564361 91
1764107524666 0.5049847138534158 92
1764108059174 0.5047624410916183 93
1764108590341 0.5045699758751918 94
1764109121852 0.5043448192588353 95
1764109652671 0.504125652136439 96
1764110184293 0.5039312848549778 97
1764110715358 0.5037454902721664 98
1764111246285 0.5035378762220932 99
1764058588145 3.1297024044445005 0
