1764058588145 3.7538106459379197 0
1764059119444 3.928249434010457 1
1764059652334 3.9362449791471836 2
1764060184445 3.9409251243381176 3
1764060716881 3.943623275716426 4
1764061247539 3.9453732161198634 5
1764061780109 3.946558621495457 6
1764062310723 3.9474156323934007 7
1764062842031 3.9481177113015775 8
1764063372761 3.9487387418746946 9
1764063905212 3.949171738058834 10
1764064437132 3.9496494068533687 11
1764064968512 3.9500612132023956 12
1764065499932 3.9504300527653453 13
1764066030969 3.9507231057700465 14
1764066562384 3.9510032889802575 15
1764067093477 3.951357352329513 16
1764067625248 3.951594520948701 17
1764068156822 3.9518676805900315 18
1764068688089 3.952092162188837 19
1764069219563 3.9523675490637955 20
1764069752436 3.952534206802562 21
1764070284416 3.9526773510949087 22
1764070816062 3.9528393800783967 23
1764071346807 3.95311415239916 24
1764071878407 3.9532603493383376 25
1764072409580 3.9533436794604286 26
1764072940819 3.9535201221805507 27
1764073471685 3.9536490739402126 28
1764074003006 3.953832657781698 29
1764074534149 3.9538660977250437 30
1764075065361 3.9540368468882674 31
1764075597026 3.954235602516239 32
1764076128304 3.954265729330354 33
1764076659532 3.954400024050373 34
1764077190516 3.9545114152310257 35
1764077721877 3.954542214062254 36
1764078252861 3.954720224243099 37
1764078784333 3.954733192920685 38
1764079315455 3.9548787500494615 39
1764079846862 3.954931937678386 40
1764080378055 3.9550491236428083 41
1764080909688 3.9551204794140187 42
1764081442069 3.955122981111882 43
1764081973832 3.9552769985037335 44
1764082504530 3.9552555923138635 45
1764083036302 3.955365764407788 46
1764083566867 3.955423058897762 47
1764084098268 3.95552635794979 48
1764084629220 3.955620569253372 49
1764085160959 3.9556734241469433 50
1764085692535 3.9556606878264478 51
1764086222908 3.9557901297989537 52
1764086754727 3.955851958444563 53
1764087286326 3.9558855945377025 54
1764087817642 3.955904769210492 55
1764088350322 3.9560650922888416 56
1764088882492 3.9560442040330273 57
1764089413907 3.9561270106444923 58
1764089945634 3.9561583539590996 59
1764090476633 3.956216347621659 60
1764091008006 3.956183218228615 61
1764091538959 3.956271195977421 62
1764092070759 3.956361214427625 63
1764092602956 3.956330026570013 64
1764093134021 3.9563874684349964 65
1764093664983 3.9563839701878822 66
1764094196730 3.9564370057542444 67
1764094727767 3.9565308075031993 68
1764095259874 3.956547946727882 69
1764095791555 3.956568547022545 70
1764096322877 3.956588519993475 71
1764096854493 3.95669780836267 72
1764097385269 3.956716153338804 73
1764097916988 3.95673868898618 74
1764098448428 3.956781466532562 75
1764098979911 3.9568666049585506 76
1764099511085 3.956818361201529 77
1764100043068 3.9568069826142263 78
1764100574604 3.9569692033428256 79
1764101106490 3.956906076730308 80
1764101637359 3.95693238149255 81
1764102168988 3.957003398224459 82
1764102700968 3.957073549214056 83
1764103247994 3.9571578312728364 84
1764103789371 3.9571119248260884 85
1764104320976 3.957090575573808 86
1764104852519 3.9571498705168904 87
1764105385500 3.957304638401937 88
1764105918146 3.957232641688848 89
1764106455876 3.9572275129011123 90
1764106989445 3.957305490000773 91
1764107524666 3.9573311651763268 92
1764108059174 3.9574196048914376 93
1764108590341 3.957410748126143 94
1764109121852 3.957392655105914 95
1764109652671 3.9575012785297328 96
1764110184293 3.9574858350268864 97
1764110715358 3.957515152713 98
1764111246285 3.957503964092772 99
1764058588145 3.7538106459379197 0
