1764058588145 0.9336500832706065 0
1764059119444 0.9770152286294467 1
1764059652334 0.9790185700655993 2
1764060184445 0.9801722971615644 3
1764060716881 0.9808628693362157 4
1764061247539 0.9812962494868982 5
1764061780109 0.9815811540458731 6
1764062310723 0.9817895182915249 7
1764062842031 0.981971464188922 8
1764063372761 0.9821153703261498 9
1764063905212 0.9822421211655933 10
1764064437132 0.9823492235173256 11
1764064968512 0.9824485690494738 12
1764065499932 0.9825478475016413 13
1764066030969 0.9826292367028256 14
1764066562384 0.9827039744397241 15
1764067093477 0.982773330361473 16
1764067625248 0.9828310335546427 17
1764068156822 0.9829033841222309 18
1764068688089 0.9829578137800005 19
1764069219563 0.9830161716545135 20
1764069752436 0.9830677266052796 21
1764070284416 0.9831135401658412 22
1764070816062 0.9831591483677076 23
1764071346807 0.9832051769498489 24
1764071878407 0.9832433780181683 25
1764072409580 0.983279076945055 26
1764072940819 0.9833125044005511 27
1764073471685 0.9833513065011296 28
1764074003006 0.9833805987063817 29
1764074534149 0.9834151191968716 30
1764075065361 0.9834437668583093 31
1764075597026 0.9834764539369666 32
1764076128304 0.9834974406463104 33
1764076659532 0.9835249637144698 34
1764077190516 0.9835514603816775 35
1764077721877 0.9835797664083843 36
1764078252861 0.9836044878962124 37
1764078784333 0.9836260591624597 38
1764079315455 0.9836476914646543 39
1764079846862 0.9836691220912025 40
1764080378055 0.983683988104249 41
1764080909688 0.9837035972825684 42
1764081442069 0.9837251932271738 43
1764081973832 0.9837401033345164 44
1764082504530 0.9837584475370202 45
1764083036302 0.9837781154356912 46
1764083566867 0.9837921959469582 47
1764084098268 0.9838109352788612 48
1764084629220 0.9838284151161185 49
1764085160959 0.9838433895834265 50
1764085692535 0.9838581463168967 51
1764086222908 0.9838701686951385 52
1764086754727 0.9838835767487742 53
1764087286326 0.9838980119691426 54
1764087817642 0.9839087336814349 55
1764088350322 0.9839283515085199 56
1764088882492 0.9839354600357105 57
1764089413907 0.9839499052988895 58
1764089945634 0.9839617310007406 59
1764090476633 0.983969747186327 60
1764091008006 0.9839828144153233 61
1764091538959 0.9839933292356758 62
1764092070759 0.9840059598031783 63
1764092602956 0.9840174639500221 64
1764093134021 0.9840250588586921 65
1764093664983 0.9840366123332077 66
1764094196730 0.9840471543839125 67
1764094727767 0.984059699185265 68
1764095259874 0.9840699567646107 69
1764095791555 0.9840755193987016 70
1764096322877 0.9840893044853879 71
1764096854493 0.9840976051641395 72
1764097385269 0.9841050150797082 73
1764097916988 0.9841071511119072 74
1764098448428 0.9841230133049838 75
1764098979911 0.9841341823280485 76
1764099511085 0.9841404212139447 77
1764100043068 0.9841472804120726 78
1764100574604 0.9841569214626825 79
1764101106490 0.9841666876881839 80
1764101637359 0.9841694649688819 81
1764102168988 0.9841836033372133 82
1764102700968 0.9841970998477617 83
1764103247994 0.9842024421641663 84
1764103789371 0.9842088738942508 85
1764104320976 0.984217965231328 86
1764104852519 0.9842218351328165 87
1764105385500 0.9842375219748967 88
1764105918146 0.9842428058479835 89
1764106455876 0.9842469413879675 90
1764106989445 0.9842558995420654 91
1764107524666 0.984262480461592 92
1764108059174 0.9842722136644847 93
1764108590341 0.984278848264552 94
1764109121852 0.9842794803044747 95
1764109652671 0.9842884979574549 96
1764110184293 0.9842957303178822 97
1764110715358 0.9842990763975789 98
1764111246285 0.9843107247908878 99
1764058588145 0.9336500832706065 0
