1764058588145 6.1825035466986185 0
1764059119444 3.7398228500253063 1
1764059652334 3.675219758163064 2
1764060184445 3.6385066672907036 3
1764060716881 3.6155998877347524 4
1764061247539 3.601750442577621 5
1764061780109 3.592607622267836 6
1764062310723 3.5857313243413373 7
1764062842031 3.580323734364267 8
1764063372761 3.575728057925984 9
1764063905212 3.5717585712772304 10
1764064437132 3.568216531680802 11
1764064968512 3.565093987513397 12
1764065499932 3.5622507150698515 13
1764066030969 3.559659064583859 14
1764066562384 3.557205334800785 15
1764067093477 3.5550080244824036 16
1764067625248 3.5529228363602847 17
1764068156822 3.550931842771627 18
1764068688089 3.5491059885590763 19
1764069219563 3.547351165868468 20
1764069752436 3.5457234636807846 21
1764070284416 3.5441885077751287 22
1764070816062 3.5427438430058755 23
1764071346807 3.541399240251315 24
1764071878407 3.540102347034519 25
1764072409580 3.5388943060373856 26
1764072940819 3.537739384093527 27
1764073471685 3.5366531443191787 28
1764074003006 3.535594715223474 29
1764074534149 3.5346065123202437 30
1764075065361 3.533637937650842 31
1764075597026 3.532724757154109 32
1764076128304 3.531827432947644 33
1764076659532 3.530986311758979 34
1764077190516 3.530186441308361 35
1764077721877 3.5293783498214464 36
1764078252861 3.528619120929201 37
1764078784333 3.5279047679901123 38
1764079315455 3.527199789184635 39
1764079846862 3.5265088669728426 40
1764080378055 3.525878233222638 41
1764080909688 3.5252551742731515 42
1764081442069 3.5246439463001185 43
1764081973832 3.5240625295396577 44
1764082504530 3.523493734699185 45
1764083036302 3.5229629531957336 46
1764083566867 3.522420139797663 47
1764084098268 3.5218932133609964 48
1764084629220 3.5213963834309983 49
1764085160959 3.520901313312983 50
1764085692535 3.520433817920038 51
1764086222908 3.519967413393118 52
1764086754727 3.5195172635175416 53
1764087286326 3.519077377076876 54
1764087817642 3.5186524483308954 55
1764088350322 3.518218665769545 56
1764088882492 3.517838832725913 57
1764089413907 3.5174376101817115 58
1764089945634 3.5170468508186987 59
1764090476633 3.516662823022422 60
1764091008006 3.5163101285190907 61
1764091538959 3.515945086479187 62
1764092070759 3.5155893595743986 63
1764092602956 3.5152414055193884 64
1764093134021 3.514917203531427 65
1764093664983 3.5145726751068893 66
1764094196730 3.514249658382545 67
1764094727767 3.513927838115369 68
1764095259874 3.513621598461927 69
1764095791555 3.5133058047294616 70
1764096322877 3.5129905811810898 71
1764096854493 3.5126934946189494 72
1764097385269 3.5123994233648657 73
1764097916988 3.5121081256866455 74
1764098448428 3.5118130040168762 75
1764098979911 3.5115300347845433 76
1764099511085 3.5112432952250465 77
1764100043068 3.5109650948896247 78
1764100574604 3.510676899481628 79
1764101106490 3.5104014210781807 80
1764101637359 3.510137877100605 81
1764102168988 3.5098507561926113 82
1764102700968 3.509574171284498 83
1764103247994 3.5093003074597506 84
1764103789371 3.5090569479586713 85
1764104320976 3.5087783246121163 86
1764104852519 3.5085344717058087 87
1764105385500 3.5082830493328934 88
1764105918146 3.508042548470578 89
1764106455876 3.5078128854703094 90
1764106989445 3.5075804884959076 91
1764107524666 3.5073465084625504 92
1764108059174 3.5071272378856855 93
1764108590341 3.5069360799304508 94
1764109121852 3.506711631548607 95
1764109652671 3.5064950810852697 96
1764110184293 3.5063030429209694 97
1764110715358 3.5061203270443415 98
1764111246285 3.505914741613097 99
1764058588145 6.1825035466986185 0
